9.700074513527086495e+00
7.160720863127392199e+00
1.175729267834001313e+01
7.317018631375702853e+00
1.760829944070457387e+01
6.243743181962708277e+00
7.647911913461635791e+00
8.115729173427750354e+00
8.753119344120628753e+00
6.353208243012874235e+00
5.439798173538501480e+00
6.746651764321418554e+00
8.243862733347800287e+00
9.515912647678883118e+00
9.070153780848162484e+00
9.597318636725862717e+00
8.700442096742659004e+00
1.246817818197298244e+01
9.111597007222773215e+00
9.516706724697543862e+00
7.470682478284119910e+00
1.112797840864683785e+01
8.383561650064935478e+00
6.989668087677197050e+00
6.067842773879338125e+00
5.830368430360636900e+00
1.479381376778857060e+01
6.123165855877558350e+00
1.411081483079522236e+01
5.408606786519586151e+00
9.769465029662724120e+00
7.962165058687729946e+00
7.638561203031302149e+00
1.116039615020737941e+01
1.040671347946961056e+01
1.257751858232894548e+01
8.413197497520888746e+00
6.821701979170756047e+00
1.024068826178233849e+01
5.735919455184461668e+00
4.689738902037120738e+00
1.254223295282196560e+01
6.623363083857222833e+00
8.745816190827369496e+00
1.508911206097106472e+01
1.030710115172761832e+01
1.007629703157576451e+01
7.439704063557894820e+00
8.166682011348452619e+00
1.191339651071750794e+01
7.635142444109347615e+00
9.094260291015558550e+00
9.998322033604623016e+00
6.386363158625603553e+00
1.352154155433709093e+01
7.666982102715307335e+00
6.857875933798268875e+00
1.022110147859403106e+01
9.576728960816531355e+00
9.912261191374000191e+00
7.277885446228443023e+00
7.945996617742427048e+00
1.395833645578380811e+01
6.581822631065093354e+00
1.623712416256980973e+01
6.479835309870845883e+00
8.435762418982024613e+00
5.681193219281123419e+00
1.308585673576407515e+01
8.394881458183737877e+00
5.729775130347882772e+00
1.417319169948834201e+01
7.922168366301407971e+00
1.042834782800004234e+01
1.309038050002827624e+01
1.371262019462712267e+01
5.911324888339799521e+00
1.220277709837420765e+01
7.029192808956552518e+00
7.017559730329213430e+00
1.089309720807252013e+01
1.105948428481393719e+01
1.493040237354751198e+01
4.911001305550886542e+00
4.903973461047370641e+00
7.909852730362845641e+00
1.986138815026991722e+01
4.037414521188839700e+00
1.574372742326332109e+01
9.183725909074183846e+00
6.070784243149197401e+00
7.016863513199623981e+00
7.702180864431516838e+00
5.919711974388778053e+00
1.500166768690984220e+01
7.357462314276443927e+00
9.161776146285115274e+00
9.063635186286944645e+00
8.828266672197184306e+00
1.539451627955183710e+01
9.939704875301307752e+00
1.771315891633462059e+01
1.105542300051392601e+01
1.215356166171672925e+01
9.245761742325411703e+00
4.309263623008593669e+00
8.840259231344193225e+00
6.846076760882960244e+00
8.594644462666627405e+00
1.027078999442405127e+01
7.998930805329161231e+00
1.007697955092549691e+01
6.303582932646875747e+00
9.912526466342786335e+00
1.330032487880206027e+01
1.760613213777770980e+01
1.372384396947428264e+01
1.204800634760711198e+01
7.761758960863756052e+00
9.857881915995013955e+00
9.153376483117723339e+00
1.106116350759329769e+01
6.018704051078765715e+00
8.905180122929913011e+00
6.144148283121158904e+00
1.290370815983708397e+01
1.239962975338970885e+01
1.365905074587643320e+01
9.134787965449667979e+00
7.485056771833010991e+00
5.134690098119913060e+00
6.234145465503050154e+00
6.012178959169738768e+00
1.483364585075785591e+01
9.506517413021317253e+00
1.275470235280802811e+01
1.680278872951688740e+01
7.102508307588256464e+00
1.025681294843624691e+01
1.213324415368688491e+01
1.348113366902202159e+01
1.039460851051166657e+01
1.453031183157757411e+01
1.052570644362371510e+01
1.769482881422342757e+01
9.421667633933010322e+00
1.530916667871586156e+01
1.213284787285142841e+01
5.416707829352904291e+00
8.872188931272019019e+00
8.416743410681457149e+00
9.026378656808736523e+00
1.506938733130201236e+01
1.249664340434577703e+01
1.201291887494983612e+01
6.844545239465465336e+00
7.606599644037838281e+00
7.980217310238581163e+00
4.942999095058852710e+00
5.308086231888305306e+00
4.712505918480986544e+00
9.164302407836450115e+00
9.051761732703875296e+00
8.141497523224476396e+00
7.421164845343589889e+00
1.147933340916912925e+01
1.475400056151390160e+01
7.802856329125271273e+00
1.118315571977169398e+01
1.078774476550679573e+01
1.537326289346121655e+01
1.001691640136702155e+01
5.331816992421702039e+00
1.149784645931412719e+01
1.585279093786908611e+01
5.948740236164912432e+00
1.659791498796878884e+01
1.283525032717187919e+01
6.146616881329547866e+00
9.224225776129111765e+00
1.491849410054117087e+01
1.397965043692492948e+01
1.026573261315631491e+01
6.655464252372357947e+00
9.984761978242463698e+00
8.798654409468349868e+00
9.074666327211343031e+00
8.457667815827500490e+00
7.899255222039685442e+00
5.375185361342971646e+00
1.030068401423404723e+01
1.367488032975667522e+01
6.885688738873273707e+00
5.891955622579622798e+00
6.602443262855135053e+00
6.957046576671676696e+00
1.234364817602880748e+01
1.143406149759590740e+01
1.137510634520172914e+01
1.283640821559005296e+01
5.647864010605901264e+00
4.335126953495598734e+00
5.718431413075883540e+00
8.874981806588607469e+00
9.028363159307465580e+00
6.830237700766922160e+00
9.974562811321881384e+00
7.052010755609046555e+00
7.625705492507482752e+00
6.808537586613763182e+00
1.034727171144944080e+01
5.829391395526593911e+00
6.850780262705625567e+00
7.776690191856342693e+00
4.991423353957052278e+00
8.995719238954379193e+00
4.974928042819945162e+00
8.448906771478364774e+00
5.232302436388011735e+00
6.650032389065052563e+00
9.244591422094712740e+00
1.418103889677704288e+01
1.224996644557522174e+01
8.444628047824656036e+00
7.542412646949919086e+00
1.109088535546337617e+01
1.149018606693251598e+01
8.287719518680663811e+00
6.309269926496434699e+00
1.095952661521142169e+01
8.715670160187073634e+00
6.481221167773549396e+00
1.121296428644343912e+01
1.188263322259351185e+01
5.690660424573033005e+00
8.548834566450679517e+00
6.028309158726819383e+00
1.101529815595000628e+01
1.009497102041827965e+01
1.890449986427397988e+01
9.387438984487957327e+00
6.425679904817774180e+00
9.817694079423789688e+00
8.855319555582815028e+00
1.087543309994475038e+01
1.110994793958692384e+01
9.037455648258873708e+00
6.754419159704471376e+00
1.191396146207470430e+01
9.627800577255506198e+00
