8.395905142780983599e-02
4.127474977567838765e-01
2.118094104720742721e-01
6.138587879680484222e-02
4.316272162151745251e-01
1.892561851024065211e-01
9.996471730239263609e-01
1.700224202290413489e-01
4.510928148616574068e-02
3.194437690982421252e-01
8.113774406256065719e-01
6.280052974230215801e-02
2.777037133844759142e-01
1.717340822103369524e-01
9.388549731939210830e-01
6.148189735165100755e-02
2.134253049351484410e-01
3.052310206938314008e-01
7.764684253693828753e-01
1.797198617097479079e-01
2.535053608163481131e-01
4.592825783862904826e-02
1.907898460499900251e-01
3.624216270235243176e-01
1.158860843576546840e-01
3.031924934818995276e-01
4.170681467100064710e-01
3.637059713807527100e-02
3.273328428219873798e-02
1.249457505510730981e-01
4.877989008832291085e-02
8.181546626850769166e-02
4.169695829455053598e-02
2.281170657120493439e-01
7.361964332939594513e-01
3.598742111559768420e-01
7.438386524151482937e-02
4.661250944442101862e-01
1.009596822944115041e-01
4.905078929292345374e-02
2.394332082116120419e-01
4.266533414105427857e-01
7.963051705553883530e-02
9.596472267483750762e-02
9.144104634734849801e-01
4.383916139563075881e-02
1.643796562596450961e-01
8.681197575412302747e-02
7.182850097203288819e-02
2.407152513324814502e-01
9.997969348032996750e-01
1.932322135290906739e-01
9.996727589197444974e-01
3.894795521680429196e-01
8.518373731845152452e-01
8.968113748335366786e-01
7.202721416395008180e-01
6.053466696548233106e-01
6.427848509587977821e-01
9.497304660608542060e-01
8.275765228004843266e-01
8.430963508125228767e-01
1.820338915562219884e-01
8.807313420487382638e-01
9.644594097381755660e-01
6.514059246531215264e-01
8.289144615227888035e-01
9.986069504532513186e-01
3.793487226344106622e-01
9.482520791680564276e-01
9.774244086063013093e-01
3.118115951156554821e-01
6.300748685382751013e-01
4.262022474268073458e-01
8.020873869997379169e-01
9.912836017838689839e-01
7.102157301123357414e-01
4.702087207801827762e-01
9.820117305287748843e-01
2.498708403714921811e-01
1.602604830770819333e-01
9.998601128206368038e-01
9.681688044633617318e-01
9.343402462401761976e-01
5.085322634496164396e-01
8.780018335907269211e-01
8.046773702533502881e-01
6.498029884682741120e-01
7.525089868872330001e-01
9.999454554726115996e-01
2.342785725904062422e-01
7.147137626743372829e-01
6.953308880487509835e-01
8.041847088594835657e-01
8.354013748844523191e-01
5.220584791725236817e-01
5.029738557928499221e-01
7.232956640258897396e-01
9.979439320216575426e-01
4.142511836177285023e-01
