1.849953337963193278e-01
1.220791153064165746e-01
1.207852834967047539e-01
1.228427194437148595e-01
9.455383373759802534e-01
9.166822349592030905e-01
3.093723093842065119e-01
9.361829914020956475e-03
2.275558602520603990e-01
1.893130713175708857e-01
1.697399271602882398e-01
1.204080283785075034e-01
8.265533099532219596e-01
9.178534931411516662e-02
8.516397137795389538e-01
3.987170063430505590e-02
2.916344816415553653e-01
1.510439877980483681e-01
2.708835857533163360e-01
6.273139763444486594e-02
1.450786927083111966e-01
2.209632019640479783e-01
1.217282309852342481e-01
4.457694353603381537e-02
2.213137546093184027e-01
2.223133600074232163e-01
3.785960663552683236e-01
9.805251710504982177e-02
9.844233682964727283e-02
1.150523487669959516e-01
4.122508264018686641e-01
5.835676369521145546e-01
7.013397235469331914e-02
1.849199339525257613e-01
7.390333519816988384e-02
2.900645567048353857e-01
3.640263853185420895e-01
2.808386177503572334e-01
1.038725373185875739e-01
1.818640948021818873e-02
2.285281406293772910e-01
6.809466479580211784e-02
2.028854515275633763e-01
3.156093254718486119e-01
8.909837287042982057e-02
2.237065374953620123e-01
2.562076747457948112e-01
3.695713821039750546e-02
1.410424749423894453e-01
1.568386884847444707e-01
9.317855755325076261e-01
7.358836243389835774e-01
7.833305536421948378e-01
8.592675208406636012e-01
5.865927228934775250e-01
8.451064952172459011e-01
9.096532645879565893e-01
6.675485729388080935e-01
6.507423247140727840e-01
9.565950933272547863e-01
8.962023761185584636e-01
4.227020740207215188e-01
9.773337772523214007e-01
6.752938634585576860e-01
5.098909783257870032e-01
9.794628855105931287e-01
9.524517947107902227e-01
8.125922125115723205e-01
9.021820086755800716e-01
4.216910684263185938e-01
6.252297764873447905e-01
4.783866352161886271e-01
3.509581962519788823e-01
9.847919195976815310e-01
2.575119945501318508e-01
8.466291335983925359e-01
8.244665108900809392e-01
7.249136108070146634e-01
8.390147432197268829e-02
7.632555600825320363e-01
7.534911264891063221e-01
8.903322709138822288e-01
8.931204499595780666e-01
9.624907499097895558e-01
7.666126826327038790e-01
9.547908339562359847e-01
9.955925620700197820e-01
4.095736104273896561e-01
9.809345620424821943e-01
8.975747114456651410e-01
7.353312156993744297e-01
4.907089544429926176e-01
5.643886822644921253e-01
8.609824539022298273e-01
2.190553037710978035e-01
9.477372885409665049e-01
8.910611597488977687e-01
6.731991938597479130e-01
8.274172566817079577e-01
9.788009697102010298e-01
